SIZES
  narena                13631488
  nbuffer               12176
  nplugin               0
  maxuse_stack          2752
  maxuse_arena          39276
  maxuse_con            20
  maxuse_efc            20
  solver_nisland        1
  ne                    0
  nf                    0
  nl                    0
  nefc                  2
  nnzJ                  16
  ncon                  2
  nisland               0
  threadpool            0

TIMER
    0:  duration =  0          number = 0
    1:  duration =  0.14       number = 16
    2:  duration =  0          number = 0
    3:  duration =  0.049      number = 16
    4:  duration =  0.006      number = 16
    5:  duration =  0.0021     number = 16
    6:  duration =  0.015      number = 16
    7:  duration =  0          number = 0
    8:  duration =  0.013      number = 16
    9:  duration =  0.005      number = 16
    10:  duration =  0.017      number = 16
    11:  duration =  0.0091     number = 16
    12:  duration =  0.00049    number = 16
    13:  duration =  0.011      number = 16
    14:  duration =  0.0048     number = 16

SOLVER STAT
  solver_nisland = 1
  solver_fwdinv =   0         0       
  ISLAND 0
    solver_niter = 1
    solver_nnz = 64
      0:  improvement =  8.7e-15     gradient =  5.5e-16     lineslope =  0       
          nactive = 2   nchange = 0   neval = 2   nupdate = 0

ENERGY =   0         0       

TIME =  0       

QPOS
   0       
   0.35    
   0       
   0.79    
   1.6     
   0       
   0.79    
   1.6     

QVEL
   0       
   0       
   0       
   0       
   0       
   0       
   0       
   0       

QACC_WARMSTART
  -0.32    
  -7.2     
   26      
  -53      
   4e+02   
   53      
  -1.1e+02 
   4e+02   

CTRL
   0       
   0       
   0       
   9.8e-17 
  -8.2e-05 

QFRC_APPLIED
   0       
   0       
   0       
   0       
   0       
   0       
   0       
   0       

XFRC_APPLIED
   0         0         0         0         0         0       
   0         0         0         0         0         0       
   0         0         0         0         0         0       
   0         0         0         0         0         0       
   0         0         0         0         0         0       
   0         0         0         0         0         0       
   0         0         0         0         0         0       

QACC
  -0.32    
  -7.2     
   26      
  -53      
   4e+02   
   53      
  -1.1e+02 
   4e+02   

SENSOR
  -0.32    
   0       
  -0.72    
   0       
   0       
   0       
   12      
   0       
  -8.1     
   12      
   0       
  -8.1     

XPOS
   0         0         0       
   0         0         0.35    
   0.25      0         0.35    
   0.073     0         0.18    
   0         0         0.35    
  -0.25      0         0.35    
  -0.43      0         0.18    

XQUAT
   1         0         0         0       
   1         0         0         0       
   0.92      0         0.38      0       
   0.92      0        -0.38      0       
   1         0         0         0       
   0.92      0         0.38      0       
   0.92      0        -0.38      0       

XMAT
   1         0         0         0         1         0         0         0         1       
   1         0         0         0         1         0         0         0         1       
   0.71      0         0.71      0         1         0        -0.71      0         0.71    
   0.71     -0        -0.71      0         1        -0         0.71      0         0.71    
   1         0         0         0         1         0         0         0         1       
   0.71      0         0.71      0         1         0        -0.71      0         0.71    
   0.71     -0        -0.71      0         1        -0         0.71      0         0.71    

XIPOS
   0         0         0       
   0.12      0         0.35    
   0.16      0         0.27    
   0.16      0         0.088   
  -0.12      0         0.35    
  -0.34      0         0.27    
  -0.34      0         0.088   

XIMAT
   1         0         0         0         1         0         0         0         1       
   1         0         0         0         1         0         0         0         1       
   0.71      0         0.71      0         1         0        -0.71      0         0.71    
   0.71     -0        -0.71      0         1        -0         0.71      0         0.71    
   1         0         0         0         1         0         0         0         1       
   0.71      0         0.71      0         1         0        -0.71      0         0.71    
   0.71     -0        -0.71      0         1        -0         0.71      0         0.71    

XANCHOR
   0         0         0       
   0         0         0       
   0         0         0.35    
   0.25      0         0.35    
   0.073     0         0.18    
   0         0         0.35    
  -0.25      0         0.35    
  -0.43      0         0.18    

XAXIS
   1         0         0       
   0         0         1       
   0         1         0       
   0        -1         0       
   0        -1         0       
   0        -1         0       
   0        -1         0       
   0        -1         0       

GEOM_XPOS
   0         0         0       
   0.12      0         0.35    
   0.16      0         0.27    
   0.16      0         0.088   
  -0.12      0         0.35    
  -0.34      0         0.27    
  -0.34      0         0.088   

GEOM_XMAT
   1         0         0         0         1         0         0         0         1       
   2.2e-16  -0        -1         0         1        -0         1         0         2.2e-16 
   0.71      0         0.71      0         1         0        -0.71      0         0.71    
   0.71     -0        -0.71      0         1        -0         0.71      0         0.71    
   2.2e-16   0         1         0         1         0        -1         0         2.2e-16 
   0.71      0         0.71      0         1         0        -0.71      0         0.71    
   0.71     -0        -0.71      0         1        -0         0.71      0         0.71    

SITE_XPOS
   0.12      0         0.35    
   0.25      0         4.7e-05 
  -0.25      0         4.7e-05 

SITE_XMAT
   1         0         0         0         1         0         0         0         1       
   0.71     -0        -0.71      0         1        -0         0.71      0         0.71    
   0.71     -0        -0.71      0         1        -0         0.71      0         0.71    

CAM_XPOS
   3         0         1       

CAM_XMAT
   2.2e-16   0         1         0         1         0        -1         0         2.2e-16 

LIGHT_XPOS
   0         0         0       

LIGHT_XDIR
   0         0        -1       

SUBTREE_COM
  -0.018     0         0.32    
  -0.018     0         0.32    
   0.16      0         0.19    
   0.16      0         0.088   
  -0.17      0         0.32    
  -0.34      0         0.19    
  -0.34      0         0.088   

CDOF
   0         0         0         1         0         0       
   0         0         0         0         0         1       
   0         1         0        -0.032     0         0.018   
   0        -1         0         0.032     0        -0.27    
   0        -1         0        -0.14     -0        -0.091   
   0        -1         0         0.032     0        -0.018   
   0        -1         0         0.032     0         0.23    
   0        -1         0        -0.14      0         0.41    

CINERT
   0         0         0         0         0         0         0         0         0         0       
   0.015     0.25      0.24      0        -0.045     0         1.4       0         0.32      10      
   0.0092    0.061     0.053     0         0.011     0         0.27      0        -0.085     1.5     
   0.057     0.092     0.035     0         0.044     0         0.18      0        -0.23      1       
   0.015     0.16      0.15      0         0.034     0        -1.1       0         0.32      10      
   0.0092    0.17      0.16      0        -0.031     0        -0.48      0        -0.085     1.5     
   0.057     0.16      0.11      0        -0.072     0        -0.32      0        -0.23      1       

ACTUATOR_LENGTH
   0       
   24      
   47      
   24      
   47      

ACTUATOR_MOMENT
   0         0         0         0         0         30        0         0       
   0         0         0         30        0         0         0         0       
   0         0         0         0         30        0         0         0       
   0         0         0         0         0         0         30        0       
   0         0         0         0         0         0         0         30      

CRB
   0         0         0         0         0         0         0         0         0         0       
   0.16      0.89      0.74      0        -0.059     0        -1.1e-16   0        -6.7e-16   25      
   0.066     0.15      0.087     0         0.056     0         0.45      0        -0.32      2.5     
   0.057     0.092     0.035     0         0.044     0         0.18      0        -0.23      1       
   0.081     0.49      0.41      0        -0.069     0        -1.9       0        -3.3e-16   12      
   0.066     0.33      0.26      0        -0.1       0        -0.8       0        -0.32      2.5     
   0.057     0.16      0.11      0        -0.072     0        -0.32      0        -0.23      1       

QM
   25        0        -0.8       0.4       0.088     0.4       0.4       0.088   
   0         25        0.44     -0.22      0.088    -2.1      -0.22      0.088   
  -0.8       0.44      0.92     -0.06     -0.043    -0.57     -0.17      0.0013  
   0.4      -0.22     -0.06      0.12      0.021     0         0         0       
   0.088     0.088    -0.043     0.021     0.021     0         0         0       
   0.4      -2.1      -0.57      0         0         0.57      0.17     -0.0013  
   0.4      -0.22     -0.17      0         0         0.17      0.12      0.021   
   0.088     0.088     0.0013    0         0        -0.0013    0.021     0.021   

QLD
   22       -0.14     -0.62      3.3       4.2      -0.62      3.3       4.2     
  -0.14      4.2      -5.9      -3.3       4.2      -5.9      -3.3       4.2     
  -0.62     -5.9       0.26     -0.18     -2.1      -1        -1.8       0.061   
   3.3      -3.3      -0.18      0.094     1         0         0         0       
   4.2       4.2      -2.1       1         0.021     0         0         0       
  -0.62     -5.9      -1         0         0         0.26      1.8      -0.061   
   3.3      -3.3      -1.8       0         0         1.8       0.094     1       
   4.2       4.2       0.061     0         0        -0.061     1         0.021   

QLDIAGINV
   0.046   
   0.24    
   3.9     
   11      
   48      
   3.9     
   11      
   48      

QLDIAGSQRTINV
   0.21    
   0.49    
   2       
   3.3     
   6.9     
   2       
   3.3     
   6.9     

D_rownnz              8 8 8 5 5 6 6 6

D_rowadr              0 8 16 24 29 34 40 46

D_colind              0 1 2 3 4 5 6 7 0 1 2 3 4 5 6 7 0 1 2 3 4 5 6 7 0 1 2 3 4 0 1 2 3 4 0 1 2 5 6 7 0 1 2 5 6 7 0 1 2 5 6 7

B_rownnz              8 8 5 5 6 6 6

B_rowadr              0 8 16 21 26 32 38

B_colind              0 1 2 3 4 5 6 7 0 1 2 3 4 5 6 7 0 1 2 3 4 0 1 2 3 4 0 1 2 5 6 7 0 1 2 5 6 7 0 1 2 5 6 7

QDERIV
   0         0         0         0         0         0         0         0       
   0         0         0         0         0         0         0         0       
   0         0         0         0         0         0         0         0       
   0         0         0         0         0         0         0         0       
   0         0         0         0         0         0         0         0       
   0         0         0         0         0         0         0         0       
   0         0         0         0         0         0         0         0       
   0         0         0         0         0         0         0         0       

QLU
   0         0         0         0         0         0         0         0       
   0         0         0         0         0         0         0         0       
   0         0         0         0         0         0         0         0       
   0         0         0         0         0         0         0         0       
   0         0         0         0         0         0         0         0       
   0         0         0         0         0         0         0         0       
   0         0         0         0         0         0         0         0       
   0         0         0         0         0         0         0         0       

CONTACT
  0:
     dim           1
     geoms         floor : 3
     exclude       0
     efc_address   0
     solref         0.02      1       
     solimp         0.9       0.95      0.001     0.5       2       
     dist          -0.02    
     includemargin  0.002   
     pos            0.25      0        -0.01    
     frame          0         0         1        -1        -0         0         0        -1         0       
     friction       1         1         0.005     0.0001    0.0001  
     mu             0       
  1:
     dim           1
     geoms         floor : 6
     exclude       0
     efc_address   1
     solref         0.02      1       
     solimp         0.9       0.95      0.001     0.5       2       
     dist          -0.02    
     includemargin  0.002   
     pos           -0.25      0        -0.01    
     frame          0         0         1        -1        -0         0         0        -1         0       
     friction       1         1         0.005     0.0001    0.0001  
     mu             0       

EFC_TYPE
  5
  5

EFC_ID
  0
  1

EFC_J
   0         1        -0.25      0         0.18      0         0         0       
   0         1         0.25      0         0        -0.25      0         0.18    

EFC_POS
  -0.02    
  -0.02    

EFC_MARGIN
   0.002   
   0.002   

EFC_FRICTIONLOSS
   0       
   0       

EFC_DIAGAPPROX
   0.29    
   0.29    

EFC_KBIP
   2.8e+03   1.1e+02   0.95      0       
   2.8e+03   1.1e+02   0.95      0       

EFC_D
   65      
   65      

EFC_R
   0.015   
   0.015   

ACTUATOR_VELOCITY
   0       
   0       
   0       
   0       
   0       

CVEL
   0         0         0         0         0         0       
   0         0         0         0         0         0       
   0         0         0         0         0         0       
   0         0         0         0         0         0       
   0         0         0         0         0         0       
   0         0         0         0         0         0       
   0         0         0         0         0         0       

CDOF_DOT
   0         0         0         0         0         0       
   0         0         0         0         0         0       
   0         0         0         0         0         0       
   0         0        -0         0         0         0       
   0         0        -0         0         0         0       
   0         0        -0         0         0         0       
   0         0        -0         0         0         0       
   0         0        -0         0         0         0       

QFRC_BIAS
   0       
   2.5e+02 
   4.3     
  -2.2     
   0.87    
  -21      
  -2.2     
   0.87    

QFRC_SPRING
   0       
   0       
   0       
   0       
   0       
   0       
   0       
   0       

QFRC_DAMPER
   0       
   0       
   0       
   0       
   0       
   0       
   0       
   0       

QFRC_GRAVCOMP
   0       
   0       
   0       
   0       
   0       
   0       
   0       
   0       

QFRC_FLUID
   0       
   0       
   0       
   0       
   0       
   0       
   0       
   0       

QFRC_PASSIVE
   0       
   0       
   0       
   0       
   0       
   0       
   0       
   0       

EFC_VEL
   0       
   0       

EFC_AREF
   58      
   58      

SUBTREE_LINVEL
   0         0         0       
   0         0         0       
   0         0         0       
   0         0         0       
   0         0         0       
   0         0         0       
   0         0         0       

SUBTREE_ANGMOM
   0         0         0       
   0         0         0       
   0         0         0       
   0         0         0       
   0         0         0       
   0         0         0       
   0         0         0       

ACTUATOR_FORCE
   0       
   0       
   0       
   9.8e-17 
  -8.2e-05 

QFRC_ACTUATOR
   0       
   0       
   0       
   0       
   0       
   0       
   2.9e-15 
  -0.0025  

QFRC_SMOOTH
   0       
  -2.5e+02 
  -4.3     
   2.2     
  -0.87    
   21      
   2.2     
  -0.87    

QACC_SMOOTH
  -7.9e-05 
  -9.8     
  -0.012   
  -0.0088  
  -0.0074  
  -0.042   
   0.075   
  -0.19    

EFC_B
  -68      
  -68      

EFC_FORCE
   36      
   36      

EFC_STATE
  1
  1

QFRC_CONSTRAINT
   0       
   72      
   0.0036  
   0       
   6.3     
  -9       
   0       
   6.3     

QFRC_INVERSE
   0       
   0       
   0       
   0       
   0       
   0       
   0       
   0       

CACC
   0         0         0        -0        -0         9.8     
   0         26        0        -1.2       0         3.1     
   0         79        0        -2.8       0         17      
   0        -3.2e+02   0        -61        0        -19      
   0        -26        0         0.52      0         2.1     
   0         79        0        -2.8       0        -22      
   0        -3.2e+02   0        -61        0         1.4e+02 

CFRC_INT
   0         8.9e-16   0        -5.3e-15   0        -6.4e-14 
   0         8.9e-16   0        -5.3e-15   0        -6.4e-14 
   0        -1.8       0         3.2       0         7.2     
   0        -2.3       0         14        0         2.7     
   0        -2.2e-05   0         0.0011    0         0.0033  
   0         1.8       0         3.2       0         7.2     
   0        -0.96      0         14        0         2.7     

CFRC_EXT
   0         0         0         0         0         0       
   0         0         0         0         0         0       
   0         0         0         0         0         0       
   0        -9.6       0         0         0         36      
   0         0         0         0         0         0       
   0         0         0         0         0         0       
   0         8.3       0         0         0         36      

